3 0.445427 0.618336 0.0456463 0.0960839
3 0.495802 0.373343 0.0412339 0.0884341
3 0.34889 0.652227 0.0453165 0.0957753
9 0.60231 0.468461 0.0438346 0.0882434
7 0.831065 0.455263 0.0581339 0.165041
3 0.586363 0.344993 0.0410936 0.0889552
3 0.243839 0.692336 0.0453472 0.0962294
9 0.780088 0.410038 0.0429397 0.0883021
2 0.443725 0.462562 0.0513094 0.124171
9 0.509154 0.500544 0.0455825 0.0902739
5 0.171465 0.654287 0.0521226 0.113547
5 0.34732 0.372474 0.0465581 0.102516
1 0.378063 0.294527 0.0518203 0.155876
3 0.406584 0.401323 0.0404008 0.0869384
9 0.517504 0.647974 0.0463766 0.0949294
0 0.276805 0.613938 0.0526297 0.127956
0 0.442485 0.333473 0.0465855 0.120293
8 0.714118 0.566924 0.0579496 0.11952
9 0.594895 0.838583 0.0489409 0.102984
9 0.62387 0.766064 0.0489065 0.0979723
6 0.699199 0.787643 0.0582143 0.129654
3 0.442565 0.332649 0.0462966 0.118713
0 0.380129 0.435337 0.0535409 0.143639
7 0.732915 0.500423 0.0546339 0.138323
4 0.380281 0.434883 0.0519667 0.142567
10 0.80779 0.544043 0.0526249 0.109093
9 0.639265 0.542091 0.0517911 0.114675
11 0.807073 0.542277 0.0515918 0.108801
9 0.698557 0.78857 0.0581467 0.127143
6 0.638799 0.540938 0.054179 0.122246
11 0.480884 0.555902 0.0498546 0.105152
