4 0.18646329365079367 0.6706779100529101 0.04396825396825397 0.09416335978835978
11 0.21186507936507937 0.6078042328042328 0.0423735119047619 0.08991071428571427
11 0.23920386904761906 0.6826752645502645 0.04465029761904762 0.09507275132275132
11 0.28943452380952384 0.5065013227513228 0.04123511904761905 0.0896064814814815
11 0.4745337301587301 0.5588988095238094 0.041460813492063486 0.09294642857142857
11 0.5292063492063492 0.587906746031746 0.04282986111111111 0.09325066137566138
11 0.5754538690476191 0.6565542328042329 0.04465029761904762 0.09264219576719576
11 0.5224875992063492 0.3312400793650794 0.038045634920634924 0.08596230158730159
11 0.7101760912698413 0.7223941798941799 0.046135912698412704 0.09773478835978837
4 0.33841517857142855 0.6517195767195767 0.04300843253968254 0.09394510582010582
4 0.4119246031746032 0.6799834656084656 0.045446428571428575 0.0935383597883598
4 0.3532093253968254 0.3883862433862434 0.04148313492063492 0.08540343915343915
4 0.5673313492063492 0.5205621693121694 0.04209325396825397 0.09028439153439152
4 0.6685962301587302 0.6250793650793651 0.04514136904761905 0.09435185185185185
10 0.3159077380952381 0.5591534391534392 0.047795138888888894 0.1204563492063492
10 0.5911607142857143 0.33708333333333335 0.050999503968253965 0.12006944444444444
12 0.449672619047619 0.3405820105820106 0.04954365079365079 0.13017195767195766
2 0.4081448412698413 0.2657837301587302 0.051582341269841264 0.1523181216931217
6 0.4126612103174603 0.40664021164021164 0.04429811507936508 0.1021924603174603
6 0.8225545634920635 0.47347222222222224 0.04633680555555556 0.10374669312169313
5 0.7727207341269842 0.39731481481481484 0.050999503968253965 0.13405753968253967
3 0.6989905753968254 0.3850727513227513 0.04691964285714286 0.11268518518518518
3 0.3776909722222222 0.44413690476190476 0.0501264880952381 0.11268518518518518
0 0.3590401785714286 0.5072784391534392 0.04662946428571428 0.11851521164021163
0 0.6555803571428572 0.4744212962962963 0.04725942460317461 0.12328373015873016
13 0.48880456349206347 0.5020866402116402 0.04875 0.10664351851851853
13 0.31233382936507936 0.43364417989417986 0.04544394841269841 0.10338624338624339
7 0.7677752976190476 0.5757275132275133 0.05393353174603175 0.1269047619047619
7 0.6178645833333334 0.7313988095238095 0.053526785714285714 0.13195436507936506
4 0.6617633928571428 0.8338326719576721 0.04890625 0.10679563492063492
4 0.5202455357142858 0.7909589947089948 0.048519345238095236 0.10217592592592593