4 0.186765873015873 0.656084656084656 0.04321676587301587 0.09420634920634921
4 0.21823660714285714 0.5981051587301588 0.040528273809523806 0.09205357142857143
4 0.38446924603174604 0.4581117724867725 0.039809027777777777 0.08846560846560846
4 0.4647172619047619 0.31058862433862433 0.03712053571428571 0.08463955026455026
4 0.6001959325396825 0.4718617724867725 0.0401686507936508 0.08918320105820106
4 0.53734375 0.5670205026455026 0.04214037698412698 0.0925297619047619
4 0.38280753968253967 0.727470238095238 0.045954861111111106 0.09501322751322751
4 0.768625992063492 0.4126223544973545 0.039109623015873014 0.08653108465608467
5 0.4041815476190476 0.28707010582010584 0.04725198412698413 0.1276984126984127
0 0.3550248015873016 0.3859755291005291 0.04598214285714286 0.1168584656084656
0 0.30980654761904763 0.5563558201058201 0.049030257936507934 0.12363425925925926
6 0.2916418650793651 0.619864417989418 0.04877728174603174 0.10839285714285714
6 0.6512400793650794 0.3641269841269841 0.04598214285714286 0.10093915343915344
3 0.24908978174603175 0.6716898148148148 0.054112103174603174 0.11990740740740742
3 0.5766046626984127 0.6534160052910053 0.053524305555555554 0.12110449735449737
2 0.513139880952381 0.4745403439153439 0.056855158730158735 0.16788690476190476
10 0.25510416666666663 0.527443783068783 0.05328869047619048 0.11642857142857142
10 0.674625496031746 0.6230191798941799 0.052388392857142856 0.11669973544973544
11 0.30447172619047624 0.7068518518518518 0.04442708333333333 0.09261574074074073
7 0.3537152777777778 0.6423611111111112 0.05565972222222222 0.1263756613756614
11 0.36485615079365075 0.595218253968254 0.042333829365079366 0.0915244708994709
11 0.4423487103174603 0.6188161375661375 0.04329117063492064 0.09598875661375661
11 0.5089583333333333 0.6355588624338625 0.04352926587301587 0.09502976190476191
11 0.4657862103174603 0.4321031746031746 0.039464285714285716 0.08929232804232803
7 0.5265352182539682 0.32335978835978835 0.04663938492063492 0.1141633597883598
12 0.5686507936507937 0.37875661375661374 0.04940228174603174 0.13242724867724867
13 0.6879117063492063 0.4367361111111111 0.04657242063492063 0.10566798941798942
13 0.4187152777777778 0.5294411375661375 0.04669642857142857 0.1066765873015873
11 0.6349231150793652 0.5555886243386243 0.04327132936507937 0.09505291005291006
11 0.6942286706349207 0.5661739417989418 0.042338789682539686 0.09214947089947091
11 0.7318973214285714 0.510760582010582 0.04109375 0.09339285714285715
9 0.5918055555555555 0.785132275132275 0.06412946428571428 0.1789021164021164