6 0.4027232142857143 0.2779365079365079 0.04547123015873016 0.10084986772486773
6 0.16793154761904763 0.6528207671957672 0.054025297619047626 0.11345568783068782
0 0.24356894841269844 0.5252579365079365 0.050424107142857146 0.1248611111111111
2 0.3111036706349206 0.39679563492063497 0.05672867063492063 0.16328042328042328
4 0.46890625 0.29744708994708996 0.03916914682539683 0.08824404761904762
4 0.4380654761904762 0.34457010582010583 0.03962053571428571 0.08764219576719576
4 0.4101016865079365 0.39854497354497354 0.03896329365079365 0.08607142857142856
4 0.34647073412698415 0.5069179894179895 0.04374751984126984 0.09087632275132275
4 0.31625992063492064 0.5646031746031746 0.042780257936507936 0.09474537037037037
4 0.27770833333333333 0.6230919312169312 0.045438988095238095 0.09249007936507936
4 0.2415749007936508 0.6862566137566137 0.048097718253968254 0.09764550264550263
3 0.3748139880952381 0.3147883597883598 0.05104166666666667 0.1140079365079365
3 0.3737202380952381 0.5719080687830688 0.05486607142857143 0.12793650793650793
7 0.5147916666666666 0.6301058201058202 0.05344990079365079 0.12709986772486773
11 0.571264880952381 0.5281911375661376 0.04511160714285714 0.09163029100529099
11 0.7293824404761905 0.5230753968253968 0.04553323412698413 0.08938161375661377
11 0.7599479166666667 0.4643320105820106 0.03920882936507936 0.08881944444444444
11 0.7787103174603175 0.40699074074074076 0.043846726190476186 0.08769510582010583
11 0.5971676587301588 0.8395105820105819 0.04974950396825397 0.10680886243386244
12 0.7528670634920634 0.6429960317460318 0.05902529761904762 0.1427843915343915
13 0.6762599206349206 0.8668253968253969 0.05902529761904762 0.12367063492063493
7 0.7319122023809524 0.7158895502645503 0.061555059523809526 0.13097883597883597
10 0.7073635912698413 0.7933201058201058 0.061555059523809526 0.12142195767195768
10 0.6692137896825396 0.4822585978835979 0.05565228174603174 0.12029761904761904
0 0.375109126984127 0.7349768518518519 0.0566468253968254 0.12940145502645503
5 0.28182291666666665 0.4650297619047619 0.05452132936507937 0.14111111111111113
11 0.6887946428571428 0.6382440476190476 0.04667162698412699 0.09537367724867726
11 0.5836235119047619 0.6731845238095239 0.046163194444444444 0.0946957671957672
13 0.8502331349206349 0.4278207671957672 0.047686011904761905 0.1075462962962963
9 0.7812400793650793 0.5671593915343915 0.0639186507936508 0.1711276455026455
4 0.5065054563492064 0.49962632275132274 0.04272073412698413 0.09365079365079365