11 0.24594742063492062 0.6835152116402116 0.04297371031746032 0.09366402116402117
11 0.28470734126984126 0.624563492063492 0.04148809523809524 0.0930026455026455
11 0.31586309523809525 0.5659424603174603 0.041321924603174603 0.08815145502645502
11 0.3547891865079365 0.5087533068783069 0.03950396825396826 0.08881283068783069
11 0.38776289682539683 0.45707341269841273 0.03933779761904762 0.08903439153439154
11 0.4193328373015873 0.4078174603174603 0.03801587301587302 0.08617063492063491
11 0.45123263888888887 0.3588921957671958 0.039007936507936505 0.08484788359788359
11 0.4747048611111111 0.3106283068783069 0.03669394841269841 0.08264219576719577
13 0.41305059523809523 0.2921164021164021 0.042643849206349206 0.0954265873015873
10 0.39263888888888887 0.3291402116402117 0.04380208333333334 0.116140873015873
7 0.36148313492063494 0.37531084656084657 0.04594990079365079 0.1172420634920635
12 0.32784722222222223 0.41828703703703707 0.04743799603174603 0.13134920634920635
9 0.28991319444444447 0.4600496031746032 0.06016369047619048 0.1615410052910053
7 0.2595014880952381 0.5288062169312169 0.04760168650793651 0.12098875661375662
10 0.22007936507936507 0.5780621693121692 0.05206597222222222 0.12605820105820106
13 0.18305555555555555 0.650790343915344 0.05074404761904762 0.10975198412698413
4 0.5935515873015873 0.8210615079365079 0.048132440476190474 0.09815145502645503
4 0.6248983134920635 0.7529794973544974 0.045300099206349205 0.09895833333333333
4 0.6496701388888888 0.692308201058201 0.04550347222222222 0.09410383597883598
4 0.6764657738095239 0.635816798941799 0.04570436507936508 0.094375
4 0.704578373015873 0.5774404761904762 0.042467757936507936 0.09302579365079365
4 0.7344072420634921 0.5156911375661376 0.04024305555555555 0.09248677248677249
4 0.754124503968254 0.4654034391534392 0.038425099206349206 0.08790343915343915
4 0.7795039682539683 0.41525132275132276 0.038221726190476195 0.08898148148148148
6 0.8443204365079365 0.4334523809523809 0.04165922619047619 0.1021957671957672
6 0.6663541666666666 0.8477579365079365 0.05541170634920635 0.11918320105820107
3 0.6883978174603175 0.7684821428571428 0.05702876984126984 0.1332043650793651
3 0.8163095238095238 0.4726851851851852 0.04428819444444444 0.12187830687830688
0 0.793358134920635 0.5279596560846561 0.04206349206349206 0.12133928571428572
0 0.7252058531746032 0.7078141534391534 0.048132440476190474 0.1288888888888889
2 0.7446180555555556 0.6240873015873016 0.05824404761904762 0.17014550264550263
5 0.776267361111111 0.577037037037037 0.05278273809523809 0.1412929894179894