4 0.1828844246031746 0.6579497354497355 0.04531001984126984 0.09666005291005292
4 0.24014136904761904 0.6870568783068782 0.04448660714285715 0.09775793650793652
4 0.3163417658730159 0.5689781746031746 0.04531001984126984 0.09446428571428572
4 0.37874503968253964 0.5906712962962963 0.04489831349206349 0.09501322751322751
4 0.40552083333333333 0.41053240740740743 0.03995535714285714 0.08402777777777777
4 0.5591592261904762 0.3951521164021164 0.04077876984126984 0.08952050264550264
4 0.8147470238095238 0.4797321428571429 0.04201388888888889 0.09281415343915345
4 0.762641369047619 0.6024801587301588 0.04572172619047619 0.09556216931216932
11 0.2533234126984127 0.5447883597883598 0.041748511904761906 0.0910548941798942
11 0.35005704365079365 0.5032572751322751 0.04100694444444444 0.09019510582010581
11 0.41066964285714286 0.6702810846560847 0.044300595238095236 0.0945866402116402
11 0.5154315476190475 0.7872156084656085 0.04609623015873016 0.09538359788359788
11 0.44224702380952385 0.48031084656084655 0.04100694444444444 0.08979497354497355
11 0.6234871031746032 0.4174537037037037 0.040706845238095236 0.08780092592592592
11 0.6793105158730158 0.44040013227513225 0.041604662698412696 0.08740079365079366
11 0.6517733134920635 0.4922850529100529 0.04040922619047619 0.08820105820105821
13 0.31925843253968256 0.43329695767195764 0.047822420634920634 0.1006547619047619
13 0.5054613095238095 0.49750992063492067 0.048209325396825396 0.10485780423280422
12 0.44211805555555556 0.3403637566137566 0.04677331349206349 0.1296792328042328
9 0.5265079365079365 0.300271164021164 0.05320684523809524 0.15508597883597885
7 0.6689112103174604 0.6178505291005292 0.05144593253968254 0.1252414021164021
10 0.5412326388888888 0.7087037037037036 0.051354166666666666 0.12238425925925925
10 0.6849429563492063 0.7631415343915343 0.05345238095238095 0.12489087301587302
7 0.31136160714285716 0.6971560846560846 0.05105654761904762 0.12576058201058202
6 0.5448412698412699 0.5775529100529101 0.04870535714285714 0.10759589947089947
3 0.4363343253968254 0.5986871693121694 0.05302827380952381 0.12450396825396826
6 0.6266145833333334 0.5430654761904762 0.04949652777777778 0.10531415343915344
0 0.7707614087301587 0.39544973544973544 0.045022321428571425 0.12040674603174603
5 0.6575744047619048 0.8339715608465608 0.05987103174603175 0.14767857142857144
0 0.45007192460317463 0.7482109788359789 0.05052827380952381 0.12745039682539683
2 0.41091021825396823 0.5020138888888889 0.05780257936507936 0.16377645502645502
3 0.3813888888888889 0.33104497354497353 0.048214285714285716 0.11813161375661377