4 0.4683457341269841 0.2977314814814815 0.03884920634920635 0.08456018518518518
4 0.4389608134920635 0.3444378306878307 0.039181547619047616 0.08943121693121693
4 0.41040426587301587 0.3997784391534392 0.040508432539682546 0.08854497354497354
4 0.37608134920634917 0.5868849206349206 0.04946924603174603 0.09563492063492063
4 0.2773784722222222 0.6216335978835978 0.044060019841269844 0.09399801587301587
4 0.24233382936507938 0.6877612433862433 0.04611111111111111 0.09836970899470901
6 0.40447172619047617 0.27749007936507936 0.040389384920634916 0.09959986772486773
6 0.16635664682539683 0.6522255291005291 0.059407242063492065 0.11397486772486773
3 0.20311755952380953 0.5809920634920636 0.057641369047619045 0.1283531746031746
3 0.37653273809523813 0.31369708994708995 0.04921130952380952 0.11554563492063492
0 0.45005456349206346 0.6042923280423281 0.0518874007936508 0.13388227513227513
0 0.2433110119047619 0.5243948412698413 0.050582837301587295 0.12652447089947091
5 0.34229910714285716 0.6347883597883598 0.06224454365079365 0.14964285714285713
2 0.3108531746031746 0.39656415343915347 0.05666170634920635 0.16573743386243386
13 0.8519890873015873 0.42783068783068784 0.046155753968253964 0.10812169312169312
13 0.6766790674603175 0.8696329365079365 0.06478918650793651 0.1267526455026455
10 0.7076984126984127 0.7928472222222223 0.05737847222222222 0.125625
7 0.8057266865079366 0.526494708994709 0.04594494047619048 0.12195436507936509
7 0.7335292658730159 0.7177546296296295 0.05483630952380952 0.13014219576719577
12 0.7545957341269842 0.6423809523809524 0.057165178571428575 0.14369378306878305
9 0.7787326388888889 0.5688392857142858 0.06648313492063491 0.16938161375661376
11 0.7803199404761905 0.4060912698412698 0.04086309523809523 0.08949074074074075
11 0.7599950396825397 0.46339947089947087 0.041711309523809526 0.08892526455026456
11 0.6677232142857144 0.4892261904761905 0.042678571428571434 0.0897718253968254
11 0.4743328373015873 0.5567063492063492 0.04697172619047619 0.0953968253968254
11 0.6577306547619047 0.6998280423280424 0.04594494047619048 0.09880621693121694
11 0.6297817460317461 0.7678637566137566 0.04552083333333333 0.09372354497354497
11 0.5969642857142857 0.8401322751322751 0.04890873015873016 0.09937169312169312
11 0.5040302579365079 0.4986838624338624 0.04756944444444445 0.09785714285714286
10 0.707688492063492 0.5661507936507937 0.060166170634920635 0.12098875661375662