11 0.19164434523809526 0.6542096560846561 0.04312003968253968 0.09136904761904763
3 0.21614831349206348 0.591547619047619 0.05070684523809524 0.11498015873015872
7 0.3668377976190476 0.5862996031746032 0.04874007936507937 0.12189814814814814
6 0.5120560515873016 0.6308928571428571 0.04940972222222222 0.1062632275132275
2 0.45730158730158726 0.4032903439153439 0.053013392857142856 0.15826058201058202
4 0.5509796626984127 0.3982705026455026 0.04077876984126984 0.08706679894179895
13 0.714389880952381 0.38917328042328037 0.04318452380952381 0.1009325396825397
4 0.7551413690476191 0.5800165343915344 0.04314484126984127 0.0905654761904762
10 0.25193948412698414 0.5334424603174603 0.05296130952380952 0.11726190476190478
12 0.34952876984126985 0.3672486772486772 0.046227678571428565 0.12885251322751323
0 0.3139012896825397 0.6962863756613757 0.05008680555555555 0.12602182539682538
11 0.5904613095238095 0.8216997354497355 0.046686507936507936 0.09826719576719578
4 0.6159747023809524 0.4264318783068783 0.040706845238095236 0.08780092592592592
11 0.6741617063492062 0.43672288359788364 0.041604662698412696 0.08740079365079366
11 0.6504861111111112 0.4927744708994709 0.04040922619047619 0.08820105820105821
13 0.3140922619047619 0.4375198412698412 0.04465525793650794 0.10028769841269841
11 0.4511061507936508 0.556792328042328 0.04145337301587301 0.0926223544973545
11 0.5200992063492064 0.3345601851851852 0.037457837301587305 0.08384920634920635
9 0.8085739087301588 0.45709325396825395 0.05782242063492063 0.16171626984126983
7 0.6696750992063493 0.6214153439153439 0.05144593253968254 0.1252414021164021
0 0.5998412698412698 0.7472519841269841 0.05214037698412698 0.12762896825396824
11 0.6942212301587302 0.7817460317460317 0.045510912698412696 0.09718915343915344
4 0.24567212301587302 0.6750099206349206 0.04398313492063492 0.09289682539682541
11 0.5350322420634921 0.5689186507936508 0.041641865079365084 0.09294642857142857
10 0.4245362103174603 0.6771527777777778 0.050114087301587305 0.12061838624338625
3 0.6281770833333333 0.5366898148148148 0.04894593253968254 0.11855489417989418
6 0.7448809523809524 0.4513458994708994 0.043851686507936506 0.10166997354497354
4 0.6992708333333334 0.5624371693121692 0.04207093253968254 0.08990740740740741
4 0.4480481150793651 0.7596891534391536 0.044503968253968254 0.09610119047619048
4 0.4414236111111111 0.47773809523809524 0.04085813492063492 0.08858796296296295
5 0.4125173611111111 0.2765244708994709 0.04566964285714285 0.12372023809523809
4 0.7222916666666667 0.5205621693121694 0.03794146825396825 0.08993386243386242