6 0.16880208333333332 0.6527777777777778 0.05129712301587302 0.11233134920634921
0 0.24453125 0.5265972222222223 0.04752480158730159 0.12361111111111112
2 0.31138392857142855 0.3974041005291005 0.05556299603174603 0.16444444444444445
5 0.37989087301587304 0.433151455026455 0.05175843253968254 0.13828373015873016
6 0.4040426587301587 0.27749999999999997 0.043680555555555556 0.09935185185185186
3 0.378546626984127 0.3148478835978836 0.04693204365079365 0.11741732804232805
3 0.3749776785714286 0.5736243386243387 0.0536359126984127 0.12718584656084655
0 0.3769047619047619 0.7359292328042327 0.05427827380952381 0.13232473544973544
4 0.24265128968253968 0.6871097883597884 0.04528521825396826 0.09635251322751323
4 0.27798115079365077 0.622443783068783 0.04400049603174603 0.09378306878306879
4 0.31620039682539686 0.5631349206349207 0.04143105158730159 0.09335648148148148
4 0.4690823412698413 0.2963425925925926 0.040146329365079364 0.08821759259259258
4 0.43841021825396825 0.3438756613756614 0.03982638888888889 0.08650462962962963
4 0.4096651785714286 0.3978339947089947 0.040146329365079364 0.08650462962962963
4 0.34607142857142853 0.5057506613756614 0.044642857142857144 0.08907407407407408
10 0.6686805555555555 0.48333994708994704 0.05154265873015873 0.11728505291005291
7 0.5154389880952381 0.6308730158730159 0.05493799603174603 0.1292195767195767
7 0.7324156746031746 0.7160582010582011 0.05617311507936508 0.12839616402116402
13 0.803251488095238 0.5393088624338624 0.05216021825396826 0.1131712962962963
9 0.8322643849206349 0.4549437830687831 0.05833333333333333 0.16831349206349208
10 0.5857465277777778 0.6608928571428572 0.05609871031746032 0.12393849206349207
13 0.6773239087301587 0.8689417989417989 0.05648313492063492 0.12386904761904761
11 0.598000992063492 0.8407506613756613 0.04969246031746032 0.10288359788359788
11 0.570687003968254 0.5273743386243386 0.0432093253968254 0.0950628306878307
11 0.7296378968253968 0.5220238095238094 0.0432093253968254 0.09094907407407407
11 0.7589608134920636 0.4631746031746032 0.040741567460317464 0.09176917989417989
11 0.780719246031746 0.40535383597883595 0.04290178571428571 0.0880654761904762
12 0.5507217261904762 0.7191402116402116 0.05694196428571428 0.14539021164021165