13 0.18932291666666667 0.6412037037037037 0.044270833333333336 0.12129629629629629
13 0.36380208333333336 0.2689814814814815 0.034895833333333334 0.09907407407407408
12 0.2955729166666667 0.4060185185185185 0.03802083333333333 0.13425925925925927
11 0.4075520833333333 0.2967592592592593 0.030729166666666665 0.08611111111111111
11 0.39010416666666664 0.3402777777777778 0.03125 0.08611111111111111
11 0.36614583333333334 0.39166666666666666 0.03333333333333333 0.0962962962962963
11 0.3416666666666667 0.44351851851851853 0.03229166666666667 0.08888888888888889
11 0.32135416666666666 0.4935185185185185 0.034375 0.09259259259259259
11 0.3919270833333333 0.5907407407407408 0.033854166666666664 0.0962962962962963
11 0.3690104166666667 0.6578703703703703 0.03802083333333333 0.09722222222222222
11 0.23828125 0.6703703703703704 0.03802083333333333 0.09814814814814815
10 0.34088541666666666 0.30972222222222223 0.0421875 0.1175925925925926
10 0.21536458333333333 0.5773148148148148 0.0484375 0.13055555555555556
7 0.3151041666666667 0.3578703703703704 0.03854166666666667 0.12129629629629629
7 0.24322916666666666 0.5175925925925926 0.042708333333333334 0.12777777777777777
6 0.68671875 0.4023148148148148 0.033854166666666664 0.10462962962962963
6 0.5575520833333333 0.8314814814814815 0.0453125 0.12222222222222222
5 0.6385416666666667 0.5523148148148148 0.03958333333333333 0.14351851851851852
4 0.6364583333333333 0.38055555555555554 0.029166666666666667 0.09074074074074075
4 0.6192708333333333 0.4388888888888889 0.035416666666666666 0.09259259259259259
4 0.60234375 0.4930555555555556 0.033854166666666664 0.08981481481481482
4 0.5828125 0.5504629629629629 0.034375 0.09537037037037037
4 0.4640625 0.5652777777777778 0.035416666666666666 0.09351851851851851
4 0.54375 0.674537037037037 0.035416666666666666 0.09907407407407408
4 0.5286458333333334 0.7291666666666666 0.035416666666666666 0.09722222222222222
4 0.5036458333333333 0.8041666666666667 0.040625 0.10277777777777777
3 0.6705729166666666 0.4439814814814815 0.0390625 0.125
3 0.58203125 0.7467592592592592 0.0421875 0.14166666666666666
2 0.61875 0.6027777777777777 0.04583333333333333 0.17222222222222222
0 0.6536458333333334 0.5027777777777778 0.040625 0.1259259259259259
0 0.5989583333333334 0.6800925925925926 0.03958333333333333 0.1287037037037037
9 0.26901041666666664 0.44351851851851853 0.0546875 0.16666666666666666