4 0.233859375 0.6836203703703703 0.03575520833333334 0.10117592592592592
4 0.25757291666666665 0.6203796296296297 0.03575520833333334 0.0966388888888889
4 0.405328125 0.4114351851851852 0.03028125 0.08755555555555555
4 0.4521145833333333 0.30142592592592593 0.02772916666666667 0.0869074074074074
6 0.36063541666666665 0.26137962962962963 0.03392708333333334 0.09858333333333333
3 0.33786458333333336 0.4308518518518518 0.041958333333333334 0.11285185185185184
2 0.2859375 0.3915092592592592 0.04852083333333333 0.16603703703703704
3 0.31595833333333334 0.35437962962962966 0.03949479166666667 0.11512037037037037
11 0.5401354166666666 0.6716203703703704 0.035390625 0.10183333333333333
11 0.415234375 0.6908148148148149 0.036484375 0.10248148148148149
11 0.4313958333333333 0.7879907407407407 0.03940104166666667 0.10766666666666667
13 0.54834375 0.844462962962963 0.04305208333333333 0.12452777777777779
10 0.40192187500000004 0.5448148148148148 0.044145833333333336 0.13814814814814813
9 0.6123229166666667 0.6073425925925926 0.05502083333333333 0.17744444444444443
10 0.4709479166666667 0.3618981481481482 0.04232291666666667 0.11999074074074075
11 0.5206562499999999 0.39093518518518516 0.030578125 0.08869444444444445
11 0.587796875 0.36048148148148146 0.032989583333333336 0.09155555555555556
13 0.6415104166666666 0.5650000000000001 0.036609375000000006 0.10585185185185185