4 0.23389583333333333 0.6819351851851851 0.03492708333333334 0.09757407407407406
4 0.2575989583333333 0.6195648148148148 0.03492708333333334 0.09924074074074074
4 0.404875 0.41447222222222224 0.0311875 0.08760185185185185
3 0.3160625 0.3543425925925926 0.048338541666666665 0.11864814814814814
3 0.3375833333333333 0.4279814814814815 0.041791666666666664 0.1125462962962963
2 0.2889375 0.39003703703703707 0.043973958333333334 0.1657685185185185
11 0.3364114583333333 0.7378796296296296 0.03783333333333334 0.09837962962962964
6 0.4121770833333333 0.6831203703703703 0.04388020833333333 0.11223148148148147
13 0.5470885416666668 0.8426388888888888 0.04166145833333333 0.12142592592592591
9 0.5040520833333333 0.56575 0.04789583333333333 0.17080555555555554
4 0.46829166666666666 0.365787037037037 0.030807291666666667 0.09073148148148148