4 0.33564583333333337 0.582111111111111 0.034296875 0.0966388888888889
4 0.233859375 0.6836203703703703 0.03575520833333334 0.10117592592592592
4 0.25757291666666665 0.6203796296296297 0.03575520833333334 0.0966388888888889
4 0.3641041666666667 0.3881851851851852 0.029187499999999998 0.09275
4 0.38398958333333333 0.3304537037037037 0.03028125 0.08755555555555555
4 0.405328125 0.2853796296296296 0.02772916666666667 0.0869074074074074
6 0.36063541666666665 0.26137962962962963 0.03392708333333334 0.09858333333333333
3 0.3361927083333333 0.30353703703703705 0.041958333333333334 0.11285185185185184
0 0.31083854166666663 0.3482962962962963 0.03502604166666667 0.12452777777777779
2 0.2884010416666667 0.3878611111111111 0.04852083333333333 0.16603703703703704
0 0.4325 0.33587962962962964 0.042687499999999996 0.12647222222222224
3 0.20503645833333334 0.5886018518518519 0.051807291666666665 0.12387962962962962
6 0.17803645833333331 0.6554074074074074 0.041588541666666666 0.1147962962962963
11 0.5881041666666668 0.364 0.031739583333333335 0.08950925925925926
11 0.5199010416666667 0.39287037037037037 0.03283333333333333 0.09275
11 0.5979635416666667 0.48676851851851854 0.03210416666666667 0.09534259259259259
11 0.48700520833333333 0.5106944444444445 0.036848958333333334 0.09534259259259259
11 0.5401354166666666 0.6716203703703704 0.035390625 0.10183333333333333
11 0.5133229166666667 0.743287037037037 0.036484375 0.10248148148148149
11 0.49216145833333336 0.8126851851851852 0.03940104166666667 0.10766666666666667
13 0.54834375 0.844462962962963 0.04305208333333333 0.12452777777777779
13 0.6867968750000001 0.3904537037037037 0.036848958333333334 0.10896296296296297
7 0.6528697916666667 0.49520370370370376 0.039765625 0.1290740740740741
7 0.5939479166666667 0.6881574074074075 0.04523958333333333 0.1310185185185185
10 0.48872916666666666 0.6512962962962963 0.044145833333333336 0.13814814814814813
9 0.6140572916666667 0.5980833333333333 0.05502083333333333 0.17744444444444443
10 0.5490729166666667 0.45758333333333334 0.04232291666666667 0.11999074074074075
4 0.383953125 0.45611111111111113 0.03284895833333333 0.09469444444444444