4 0.23389583333333333 0.6819351851851851 0.03492708333333334 0.09757407407407406
4 0.2575989583333333 0.6195648148148148 0.03492708333333334 0.09924074074074074
4 0.404875 0.41447222222222224 0.0311875 0.08760185185185185
4 0.45297916666666665 0.3010462962962963 0.03274479166666667 0.08649074074074074
6 0.36191666666666666 0.2608518518518519 0.03523958333333333 0.10035185185185184
6 0.25828645833333336 0.4755833333333333 0.04272395833333333 0.11642592592592592
3 0.3160625 0.3543425925925926 0.048338541666666665 0.11864814814814814
3 0.3375833333333333 0.4279814814814815 0.041791666666666664 0.1125462962962963
0 0.4040625 0.5265 0.037734375 0.12696296296296297
2 0.2889375 0.39003703703703707 0.043973958333333334 0.1657685185185185
11 0.4313177083333333 0.7891481481481482 0.038260416666666665 0.10227777777777777
11 0.4161458333333333 0.6945833333333333 0.03542708333333333 0.09875
11 0.541171875 0.6718703703703703 0.034859375000000005 0.09623148148148149
11 0.5213072916666667 0.39065740740740745 0.030890625 0.0922037037037037
11 0.5872604166666666 0.3604907407407407 0.031177083333333334 0.09069444444444445
13 0.6410885416666667 0.5665555555555556 0.03627604166666667 0.10731481481481482
13 0.5488229166666667 0.8441851851851853 0.04166145833333333 0.12142592592592591
10 0.4883489583333333 0.6471574074074073 0.04166145833333333 0.13704629629629628
10 0.47359375 0.3638148148148148 0.041093750000000005 0.11991666666666666
9 0.612296875 0.6072685185185185 0.04789583333333333 0.17080555555555554