9 0.48140625 0.6114351851851852 0.04694270833333333 0.17542592592592593
13 0.31543229166666664 0.4960462962962963 0.037843749999999995 0.10814814814814815
11 0.2883645833333333 0.7123425925925926 0.03544791666666667 0.10133333333333333
4 0.23304166666666667 0.6821111111111111 0.03592708333333334 0.10218518518518518
4 0.3060885416666667 0.6369814814814815 0.03640625 0.10388888888888889
4 0.406203125 0.4121666666666667 0.03257291666666667 0.09026851851851851
4 0.5206875 0.3976851851851852 0.03353125 0.09367592592592593
6 0.5420052083333334 0.33594444444444443 0.036885416666666664 0.10474074074074075
3 0.23734895833333333 0.5241481481481481 0.049338541666666666 0.12518518518518518
3 0.428 0.33977777777777773 0.037843749999999995 0.11922222222222222
2 0.35926041666666664 0.3534074074074074 0.04502604166666667 0.1669074074074074