4 0.233859375 0.6836203703703703 0.03575520833333334 0.10117592592592592
4 0.25757291666666665 0.6203796296296297 0.03575520833333334 0.0966388888888889
4 0.405328125 0.4114351851851852 0.03028125 0.08755555555555555
4 0.465609375 0.3655925925925926 0.02772916666666667 0.0869074074074074
6 0.540796875 0.33361111111111114 0.03392708333333334 0.09858333333333333
3 0.33786458333333336 0.4308518518518518 0.041958333333333334 0.11285185185185184
2 0.2859375 0.3915092592592592 0.04852083333333333 0.16603703703703704
3 0.31595833333333334 0.35437962962962966 0.03949479166666667 0.11512037037037037
11 0.415234375 0.6908148148148149 0.036484375 0.10248148148148149
11 0.4313958333333333 0.7879907407407407 0.03940104166666667 0.10766666666666667
13 0.54834375 0.844462962962963 0.04305208333333333 0.12452777777777779
9 0.5642447916666666 0.5825 0.04558333333333333 0.17014814814814813
11 0.5210364583333333 0.39011111111111113 0.030578125 0.08869444444444445
11 0.4331302083333333 0.6381111111111111 0.03672916666666667 0.09698148148148147