4 0.40620833333333334 0.28444444444444444 0.02928645833333333 0.0874537037037037
4 0.3851510416666667 0.3302222222222222 0.029614583333333333 0.08775
4 0.36540625000000004 0.38739814814814816 0.030598958333333332 0.09037962962962963
4 0.3372760416666667 0.4431203703703704 0.031588541666666664 0.09184259259259259
4 0.4064166666666667 0.5410370370370371 0.03241145833333333 0.0915462962962963
4 0.33573437500000003 0.5819351851851852 0.03372916666666667 0.09651851851851852
4 0.25600520833333335 0.6199259259259259 0.03471354166666667 0.09623148148148149
4 0.23399999999999999 0.681675925925926 0.035041666666666665 0.09710185185185186
6 0.36271875 0.26049074074074074 0.035546875 0.09997222222222223
6 0.17966666666666667 0.6533148148148149 0.04283854166666667 0.11650925925925926
3 0.20507291666666666 0.5866203703703703 0.050192708333333336 0.12560185185185185
3 0.33707291666666667 0.3042037037037037 0.039640625 0.11310185185185186
0 0.23321874999999997 0.5231666666666667 0.043796875 0.13014814814814815
0 0.3125 0.3458425925925926 0.036125 0.12219444444444444
5 0.2640677083333333 0.4578055555555556 0.04539583333333333 0.1426574074074074
2 0.2904427083333333 0.3847685185185185 0.048276041666666665 0.1659537037037037
11 0.492421875 0.8124629629629629 0.03891145833333333 0.1073425925925926
11 0.5142552083333334 0.743037037037037 0.037234375 0.10137962962962963
11 0.54140625 0.6704814814814815 0.036562500000000005 0.09958333333333333
11 0.5086614583333333 0.5924351851851852 0.035557291666666664 0.09660185185185186
11 0.491 0.5069999999999999 0.03521875 0.09600925925925925
11 0.5983125 0.48586111111111113 0.034213541666666666 0.09541666666666666
11 0.6178229166666667 0.43325 0.03253645833333333 0.09422222222222222
11 0.6366875000000001 0.37652777777777774 0.031197916666666665 0.09124074074074075
13 0.5480989583333333 0.8411203703703704 0.042265625 0.12105555555555557
13 0.6881510416666666 0.3916759259259259 0.036895833333333336 0.1073425925925926
10 0.5744062499999999 0.7571203703703704 0.043270833333333335 0.13357407407407407
10 0.54978125 0.4545648148148148 0.04025 0.1198611111111111
7 0.5939895833333334 0.6891666666666666 0.03891145833333333 0.1294074074074074
9 0.6348072916666666 0.5390833333333334 0.03991666666666667 0.1729351851851852
7 0.6457083333333333 0.5000185185185185 0.034213541666666666 0.12701851851851853
12 0.6098177083333333 0.6171944444444445 0.042265625 0.14312037037037037