4 0.23389583333333333 0.6819351851851851 0.03492708333333334 0.09757407407407406
4 0.2575989583333333 0.6195648148148148 0.03492708333333334 0.09924074074074074
4 0.404875 0.41447222222222224 0.0311875 0.08760185185185185
3 0.3160625 0.3543425925925926 0.048338541666666665 0.11864814814814814
3 0.3375833333333333 0.4279814814814815 0.041791666666666664 0.1125462962962963
2 0.2889375 0.39003703703703707 0.043973958333333334 0.1657685185185185
11 0.4313177083333333 0.7891481481481482 0.038260416666666665 0.10227777777777777
11 0.4161458333333333 0.6945833333333333 0.03542708333333333 0.09875
11 0.432203125 0.6391759259259259 0.034859375000000005 0.09623148148148149
11 0.5213072916666667 0.39065740740740745 0.030890625 0.0922037037037037
6 0.5901302083333333 0.34824074074074074 0.03519791666666667 0.09988888888888889
13 0.5488229166666667 0.8441851851851853 0.04166145833333333 0.12142592592592591
9 0.6325260416666667 0.5410555555555556 0.04789583333333333 0.17080555555555554
4 0.46829166666666666 0.365787037037037 0.030807291666666667 0.09073148148148148