2 0.359375 0.3541666666666667 0.05 0.16944444444444445
4 0.23203125 0.6824074074074075 0.03802083333333333 0.0962962962962963
4 0.30364583333333334 0.637962962962963 0.036458333333333336 0.09814814814814815
4 0.46510416666666665 0.36712962962962964 0.035416666666666666 0.10277777777777777
9 0.48203125 0.612037037037037 0.0515625 0.17407407407407408
4 0.4044270833333333 0.4166666666666667 0.03697916666666667 0.10185185185185185
11 0.2864583333333333 0.7152777777777778 0.041666666666666664 0.10648148148148148
13 0.36041666666666666 0.5148148148148148 0.04791666666666667 0.12222222222222222
3 0.3377604166666667 0.43194444444444446 0.0515625 0.12314814814814815
6 0.540625 0.34074074074074073 0.04583333333333333 0.11666666666666667
3 0.42682291666666666 0.3388888888888889 0.04010416666666667 0.11481481481481481