4 0.23389583333333333 0.6819351851851851 0.03492708333333334 0.09757407407407406
4 0.3036041666666666 0.6411666666666667 0.03492708333333334 0.09924074074074074
4 0.404875 0.41447222222222224 0.0311875 0.08760185185185185
3 0.3370625 0.42735185185185187 0.039578125 0.12384259259259259
3 0.23672916666666666 0.5261018518518519 0.047703125 0.12656481481481482
2 0.3585052083333334 0.3531388888888889 0.04365104166666667 0.16115740740740742
11 0.28780208333333335 0.7162777777777778 0.03783333333333334 0.09837962962962964
6 0.5405677083333333 0.33946296296296297 0.041609375 0.10762037037037038
13 0.31381770833333333 0.49704629629629626 0.04130208333333333 0.11139814814814815
9 0.48232291666666666 0.6113055555555555 0.04789583333333333 0.17080555555555554
4 0.5205729166666667 0.3993703703703704 0.030807291666666667 0.09073148148148148