6 0.3611979166666667 0.26157407407407407 0.0359375 0.10277777777777777
3 0.3338541666666667 0.3037037037037037 0.04479166666666667 0.11296296296296296
2 0.2864583333333333 0.38657407407407407 0.05 0.16203703703703703
3 0.20416666666666666 0.5828703703703704 0.05 0.13425925925925927
6 0.17708333333333334 0.6537037037037037 0.04583333333333333 0.12037037037037036
4 0.23203125 0.6824074074074075 0.03802083333333333 0.0962962962962963
4 0.2546875 0.6203703703703703 0.036458333333333336 0.09814814814814815
10 0.48854166666666665 0.65 0.042708333333333334 0.11851851851851852
11 0.48776041666666664 0.5092592592592593 0.034895833333333334 0.1037037037037037
11 0.5200520833333333 0.39490740740740743 0.033854166666666664 0.09351851851851851
10 0.5497395833333333 0.4564814814814815 0.03697916666666667 0.11666666666666667
7 0.52734375 0.5111111111111111 0.04010416666666667 0.12407407407407407
11 0.5885416666666666 0.36157407407407405 0.035416666666666666 0.09537037037037037
11 0.60234375 0.48055555555555557 0.03697916666666667 0.0962962962962963
0 0.3359375 0.7203703703703703 0.04895833333333333 0.13333333333333333
4 0.3338541666666667 0.5768518518518518 0.0375 0.10740740740740741
9 0.61328125 0.6092592592592593 0.0515625 0.17407407407407408
11 0.5408854166666667 0.6694444444444444 0.034895833333333334 0.1
11 0.41640625 0.6953703703703704 0.03697916666666667 0.10185185185185185
11 0.4309895833333333 0.7875 0.03697916666666667 0.10648148148148148
13 0.5463541666666667 0.8435185185185186 0.04791666666666667 0.12222222222222222
0 0.43411458333333336 0.3365740740740741 0.04114583333333333 0.12129629629629629
4 0.40520833333333334 0.28425925925925927 0.03125 0.08518518518518518
4 0.384375 0.33101851851851855 0.030208333333333334 0.08981481481481482
4 0.36380208333333336 0.38842592592592595 0.033854166666666664 0.09166666666666666
4 0.38385416666666666 0.45601851851851855 0.034375 0.09166666666666666