4 0.233859375 0.6836203703703703 0.03575520833333334 0.10117592592592592
4 0.30509895833333334 0.6395833333333333 0.03575520833333334 0.0966388888888889
4 0.405328125 0.4114351851851852 0.03028125 0.08755555555555555
4 0.6167552083333334 0.43150925925925926 0.030255208333333335 0.08754629629629629
3 0.33786458333333336 0.4308518518518518 0.041958333333333334 0.11285185185185184
2 0.361265625 0.358712962962963 0.04852083333333333 0.16603703703703704
3 0.23705208333333333 0.5226759259259259 0.044875 0.12331481481481482
6 0.5196614583333333 0.39281481481481484 0.04003645833333334 0.10089814814814815
11 0.287296875 0.7139166666666666 0.03940104166666667 0.10766666666666667
13 0.6265052083333333 0.6278333333333332 0.04035416666666667 0.11108333333333333
9 0.36247395833333335 0.64 0.04558333333333333 0.17014814814814813