2 0.359375 0.3541666666666667 0.05 0.16944444444444445
4 0.23203125 0.6824074074074075 0.03802083333333333 0.0962962962962963
4 0.30364583333333334 0.637962962962963 0.036458333333333336 0.09814814814814815
9 0.40859375 0.6597222222222222 0.0546875 0.17314814814814813
4 0.4044270833333333 0.4166666666666667 0.03697916666666667 0.10185185185185185
11 0.2864583333333333 0.7152777777777778 0.041666666666666664 0.10648148148148148
13 0.6268229166666667 0.6296296296296297 0.043229166666666666 0.11666666666666667
3 0.3377604166666667 0.43194444444444446 0.0515625 0.12314814814814815
6 0.51953125 0.3921296296296296 0.04010416666666667 0.11018518518518519
3 0.23854166666666668 0.524074074074074 0.052083333333333336 0.12962962962962962
5 0.6690104166666667 0.43425925925925923 0.0484375 0.14444444444444443