2 0.41579365079365077 0.22614087301587302 0.04873511904761905 0.11809854497354497
4 0.47187748015873016 0.24315806878306875 0.05182787698412698 0.13253968253968254
2 0.5339558531746031 0.27306878306878307 0.05376240079365079 0.119130291005291
5 0.5668328373015873 0.35506944444444444 0.048348214285714286 0.10572089947089947
5 0.37769593253968253 0.2849305555555556 0.05066964285714286 0.10159391534391535
0 0.5028199404761905 0.32051587301587303 0.04873511904761905 0.12325396825396827
0 0.3506200396825397 0.3236078042328042 0.04757440476190476 0.12016203703703704
1 0.3160019841269841 0.3509424603174603 0.05956597222222222 0.16451058201058202
3 0.44035466269841267 0.3109755291005291 0.043707837301587296 0.0907638888888889
3 0.41115079365079366 0.3633201058201058 0.040225694444444446 0.09024801587301588
3 0.3813690476190476 0.41308531746031746 0.04486607142857143 0.09592261904761905
3 0.44905753968253964 0.4409325396825397 0.043320932539682534 0.09489087301587301
3 0.5977752976190476 0.30555886243386243 0.03829117063492063 0.08921957671957673
3 0.6292981150793651 0.38755621693121695 0.044092261904761905 0.08818783068783069
3 0.5372420634920635 0.41153769841269844 0.041773313492063494 0.0907638888888889
3 0.38040178571428573 0.555681216931217 0.046026785714285715 0.0974702380952381
7 0.23124503968253968 0.6161838624338624 0.06956597222222223 0.18084656084656084
9 0.3051785714285714 0.5262268518518518 0.04614335317460318 0.09694775132275132
9 0.404109623015873 0.5005919312169312 0.042648809523809526 0.09322089947089947
6 0.6692881944444445 0.8409523809523809 0.06505704365079365 0.14047949735449736
8 0.44072172619047617 0.5749636243386244 0.06160218253968254 0.12742724867724867