3 0.4683457341269841 0.2977314814814815 0.03884920634920635 0.08456018518518518
3 0.4389608134920635 0.3444378306878307 0.039181547619047616 0.08943121693121693
3 0.41040426587301587 0.3997784391534392 0.040508432539682546 0.08854497354497354
3 0.38363839285714285 0.4511276455026455 0.044675099206349204 0.09290343915343915
3 0.3489012896825397 0.5031812169312169 0.04488095238095238 0.09153769841269842
3 0.31334573412698413 0.5645271164021164 0.044265873015873015 0.09563492063492063
3 0.2773784722222222 0.6216335978835978 0.044060019841269844 0.09399801587301587
3 0.24233382936507938 0.6877612433862433 0.04611111111111111 0.09836970899470901
5 0.40447172619047617 0.27749007936507936 0.040389384920634916 0.09959986772486773
5 0.16635664682539683 0.6522255291005291 0.059407242063492065 0.11397486772486773
2 0.20311755952380953 0.5809920634920636 0.057641369047619045 0.1283531746031746
2 0.37653273809523813 0.31369708994708995 0.04921130952380952 0.11554563492063492
0 0.34683035714285715 0.3617956349206349 0.04783978174603174 0.12077380952380953
0 0.2433110119047619 0.5243948412698413 0.050582837301587295 0.12652447089947091
4 0.27997271825396824 0.46400793650793654 0.05215277777777778 0.13854828042328043
1 0.3108531746031746 0.39656415343915347 0.05666170634920635 0.16573743386243386
11 0.8519890873015873 0.42783068783068784 0.046155753968253964 0.10812169312169312
11 0.6766790674603175 0.8696329365079365 0.06478918650793651 0.1267526455026455
8 0.7076984126984127 0.7928472222222223 0.05737847222222222 0.125625
8 0.8331473214285714 0.4753968253968254 0.05462549603174603 0.11743716931216931
6 0.8057266865079366 0.526494708994709 0.04594494047619048 0.12195436507936509
6 0.7335292658730159 0.7177546296296295 0.05483630952380952 0.13014219576719577
10 0.7545957341269842 0.6423809523809524 0.057165178571428575 0.14369378306878305
7 0.7787326388888889 0.5688392857142858 0.06648313492063491 0.16938161375661376
9 0.7803199404761905 0.4060912698412698 0.04086309523809523 0.08949074074074075
9 0.7599950396825397 0.46339947089947087 0.041711309523809526 0.08892526455026456
9 0.7350099206349207 0.5188723544973545 0.03916914682539683 0.0897718253968254
9 0.7114037698412699 0.5768849206349206 0.04234623015873016 0.09231150793650793
9 0.6862078373015873 0.6341931216931217 0.04531001984126984 0.09174933862433862
9 0.6577306547619047 0.6998280423280424 0.04594494047619048 0.09880621693121694
9 0.6297817460317461 0.7678637566137566 0.04552083333333333 0.09372354497354497
9 0.5969642857142857 0.8401322751322751 0.04890873015873016 0.09937169312169312