5 0.16880208333333332 0.6527777777777778 0.05129712301587302 0.11233134920634921
0 0.24453125 0.5265972222222223 0.04752480158730159 0.12361111111111112
1 0.31138392857142855 0.3974041005291005 0.05556299603174603 0.16444444444444445
4 0.28181795634920637 0.46570105820105817 0.05175843253968254 0.13828373015873016
5 0.4040426587301587 0.27749999999999997 0.043680555555555556 0.09935185185185186
2 0.378546626984127 0.3148478835978836 0.04693204365079365 0.11741732804232805
2 0.374858630952381 0.5753273809523809 0.057061011904761906 0.12661375661375662
0 0.3763690476190476 0.7355324074074074 0.05260912698412699 0.13001984126984129
3 0.24265128968253968 0.6871097883597884 0.04528521825396826 0.09635251322751323
3 0.27798115079365077 0.622443783068783 0.04400049603174603 0.09378306878306879
3 0.31620039682539686 0.5631349206349207 0.04143105158730159 0.09335648148148148
3 0.4690823412698413 0.2963425925925926 0.040146329365079364 0.08821759259259258
3 0.43841021825396825 0.3438756613756614 0.03982638888888889 0.08650462962962963
3 0.4096651785714286 0.3978339947089947 0.040146329365079364 0.08650462962962963
3 0.34607142857142853 0.5057506613756614 0.044642857142857144 0.08907407407407408
8 0.6705729166666666 0.48433862433862435 0.05154265873015873 0.11728505291005291
6 0.5148883928571429 0.6317691798941799 0.053110119047619045 0.13077050264550263
6 0.7324156746031746 0.7160582010582011 0.05617311507936508 0.12839616402116402
11 0.8037202380952381 0.5411044973544974 0.05012152777777778 0.11344246031746032
7 0.8348338293650794 0.4567030423280423 0.05430059523809524 0.16472883597883597
8 0.7095114087301587 0.7927050264550264 0.055488591269841264 0.1276058201058201
11 0.6773239087301587 0.8689417989417989 0.05648313492063492 0.12386904761904761
9 0.598000992063492 0.8407506613756613 0.04969246031746032 0.10288359788359788
9 0.570687003968254 0.5273743386243386 0.0432093253968254 0.0950628306878307
9 0.7296378968253968 0.5220238095238094 0.0432093253968254 0.09094907407407407
9 0.7589608134920636 0.4631746031746032 0.040741567460317464 0.09176917989417989
9 0.780719246031746 0.40535383597883595 0.04290178571428571 0.0880654761904762
10 0.7541493055555556 0.6428571428571429 0.05694196428571428 0.14539021164021165
3 0.5411855158730159 0.5826785714285714 0.043544146825396826 0.09400132275132275
9 0.5826066468253969 0.6732506613756614 0.04676835317460317 0.09843915343915344