3 0.309035 0.721463 0.0469144 0.0958867
2 0.613755 0.593136 0.0563154 0.127364
8 0.604337 0.455824 0.054248 0.121372
5 0.418102 0.677166 0.0523008 0.115662
9 0.315399 0.568163 0.0447157 0.0932097
7 0.506895 0.465651 0.0563896 0.171493
1 0.526628 0.611986 0.0618027 0.17549
3 0.713653 0.560921 0.0518807 0.124622
0 0.809299 0.520087 0.0573435 0.142394
10 0.785247 0.387693 0.0536894 0.138523
11 0.414562 0.529326 0.0519158 0.109428
9 0.696527 0.42685 0.0486547 0.114318
4 0.810014 0.521164 0.0586951 0.145872
