11 0.4736309523809524 0.26668650793650794 0.039191468253968256 0.08857804232804234
11 0.3780456349206349 0.41548280423280426 0.042058531746031746 0.09303902116402117
11 0.40935019841269843 0.5018287037037037 0.04635912698412698 0.09749669312169312
11 0.47434771825396826 0.5279563492063492 0.04731646825396826 0.0936739417989418
11 0.5711284722222222 0.49418320105820107 0.042058531746031746 0.09622354497354497
11 0.29799107142857145 0.6850363756613758 0.048271329365079364 0.09941137566137566
11 0.27122767857142854 0.5853075396825397 0.04731646825396826 0.09749669312169312
4 0.6595461309523809 0.34188161375661374 0.040146329365079364 0.09240079365079365
4 0.6296750992063492 0.3823445767195767 0.04157986111111111 0.09048941798941798
4 0.5441269841269841 0.5512169312169313 0.045404265873015874 0.10195767195767196
4 0.6418625992063491 0.5241335978835979 0.04492559523809524 0.09877314814814815
4 0.5453199404761905 0.7098908730158731 0.04779265873015873 0.10450727513227512
4 0.5828397817460318 0.8099371693121693 0.04635912698412698 0.10578373015873016
4 0.6562003968253969 0.6757969576719577 0.042058531746031746 0.1000462962962963
7 0.445672123015873 0.2979100529100529 0.04922619047619047 0.11661706349206348
7 0.4122172619047619 0.35367063492063494 0.05018353174603175 0.12362433862433862
13 0.2437450396825397 0.49227182539682546 0.053529265873015874 0.10896825396825396
9 0.20694444444444443 0.5244510582010582 0.06308779761904762 0.17587962962962964
10 0.33622519841269843 0.5977347883597883 0.0606969246031746 0.13127314814814817
10 0.5123958333333334 0.7682208994708994 0.057924107142857145 0.1339153439153439
12 0.4732217261904762 0.6595304232804233 0.06609871031746031 0.1491468253968254
13 0.7597693452380953 0.43920304232804236 0.05229662698412699 0.10943783068783068
0 0.5955580357142857 0.30136574074074074 0.044846230158730155 0.11958994708994708
3 0.5702628968253969 0.3476488095238095 0.04905009920634921 0.1335515873015873
3 0.6014409722222223 0.431359126984127 0.04819444444444444 0.12126984126984128
6 0.8523759920634921 0.4095568783068783 0.04929067460317461 0.10579695767195768
5 0.8072767857142857 0.5041898148148148 0.05545386904761905 0.1440542328042328
6 0.7806646825396825 0.5772784391534391 0.051949404761904766 0.11345899470899472
0 0.7239360119047619 0.6981746031746032 0.05768601190476191 0.1334292328042328
2 0.623702876984127 0.7187830687830687 0.06628968253968254 0.18059854497354497