0 0.4144295634920635 0.22989087301587302 0.051696428571428574 0.12043650793650794
0 0.5320238095238095 0.28367063492063493 0.046016865079365074 0.12346560846560847
2 0.44652529761904763 0.28745701058201056 0.05112847222222222 0.162853835978836
6 0.48362103174603177 0.3792724867724868 0.05112103174603175 0.11067791005291006
6 0.3317782738095238 0.6110846560846561 0.061242559523809526 0.11540013227513228
13 0.3775843253968254 0.7268220899470899 0.058712797619047616 0.12012566137566137
13 0.43376488095238097 0.4366335978835979 0.04757688492063492 0.10662698412698413
10 0.44616567460317463 0.5749801587301587 0.05719494047619048 0.12687500000000002
10 0.23156001984126984 0.6387533068783069 0.0632688492063492 0.13564814814814816
7 0.336078869047619 0.32933201058201056 0.04555307539682539 0.11742394179894179
7 0.3057118055555556 0.38028439153439153 0.0496031746031746 0.12484788359788361
9 0.2439608134920635 0.468015873015873 0.06377480158730159 0.17208994708994707
12 0.3788492063492063 0.5341501322751323 0.05719494047619048 0.14509589947089946
3 0.4161061507936508 0.36407738095238096 0.054025297619047626 0.11851851851851851
3 0.3878968253968254 0.4116269841269841 0.04870287698412699 0.12207010582010581
5 0.3095089285714286 0.6597949735449735 0.06281994047619048 0.14988756613756613
4 0.48272321428571424 0.6828174603174604 0.04702380952380952 0.09894510582010581
4 0.44341517857142854 0.7511474867724867 0.05143105158730159 0.10237433862433862
4 0.4764781746031746 0.5312169312169313 0.0426140873015873 0.0925760582010582
4 0.41218998015873015 0.5030522486772487 0.04555307539682539 0.09404761904761905
4 0.5104613095238095 0.4682738095238095 0.042981150793650794 0.09404761904761905
4 0.5066021825396825 0.33749007936507935 0.03894097222222222 0.08914682539682539
4 0.48272321428571424 0.26352513227513225 0.04041170634920635 0.08522817460317461
11 0.1667857142857143 0.6188955026455026 0.047757936507936506 0.09747685185185184
11 0.27130208333333333 0.5899966931216931 0.04592013888888889 0.09747685185185184
11 0.21215525793650794 0.5505654761904762 0.0451860119047619 0.09208664021164022
11 0.3098759920634921 0.5228902116402117 0.04445188492063492 0.08865740740740742
11 0.33779761904761907 0.45896825396825397 0.04371775793650794 0.0930654761904762
11 0.3771056547619048 0.2882638888888889 0.040042162698412695 0.08865740740740742
11 0.4088640873015873 0.6535582010582011 0.04817956349206349 0.10082341269841269