4 0.2465079365079365 0.6855125661375661 0.04297371031746032 0.09366402116402117
4 0.2792782738095238 0.622066798941799 0.04148809523809524 0.0930026455026455
4 0.3162375992063492 0.5666898148148148 0.041321924603174603 0.08815145502645502
4 0.35422867063492064 0.5097519841269841 0.03950396825396826 0.08881283068783069
4 0.386453373015873 0.4615674603174603 0.03933779761904762 0.08903439153439154
4 0.4146527777777778 0.40707010582010583 0.03801587301587302 0.08617063492063491
4 0.44374255952380953 0.3578935185185185 0.039007936507936505 0.08484788359788359
4 0.4713343253968254 0.31212632275132274 0.03669394841269841 0.08264219576719577
6 0.41829613095238094 0.29064484126984125 0.042643849206349206 0.0954265873015873
3 0.3871180555555555 0.33208333333333334 0.04380208333333334 0.116140873015873
0 0.3609300595238095 0.37972883597883594 0.04594990079365079 0.1172420634920635
2 0.3209449404761905 0.4112929894179894 0.05571924603174603 0.1600595238095238
5 0.2904662698412699 0.47127645502645504 0.05132936507936508 0.13687830687830688
0 0.25674107142857144 0.5310152116402116 0.04760168650793651 0.12098875661375662
3 0.21925099206349205 0.5828472222222222 0.05924355158730159 0.11722552910052911
6 0.18581597222222224 0.6526322751322751 0.05074404761904762 0.10975198412698413
11 0.5879365079365079 0.8243055555555555 0.048132440476190474 0.09815145502645503
11 0.6245238095238095 0.747989417989418 0.045300099206349205 0.09895833333333333
11 0.6496701388888888 0.6925562169312169 0.04550347222222222 0.09410383597883598
11 0.6757167658730158 0.6298280423280423 0.04570436507936508 0.094375
11 0.7006473214285714 0.5719510582010582 0.042467757936507936 0.09302579365079365
11 0.7248635912698413 0.5171891534391534 0.04024305555555555 0.09248677248677249
11 0.746264880952381 0.46590277777777783 0.038425099206349206 0.08790343915343915
11 0.774077380952381 0.41200727513227514 0.038221726190476195 0.08898148148148148
13 0.8415128968253969 0.4297089947089947 0.04165922619047619 0.1021957671957672
13 0.6601785714285715 0.844265873015873 0.05541170634920635 0.11918320105820107
10 0.6908308531746031 0.7697288359788359 0.05702876984126984 0.1332043650793651
10 0.8200520833333332 0.47368386243386246 0.04428819444444444 0.12187830687830688
7 0.7969146825396825 0.5284589947089947 0.04206349206349206 0.12133928571428572
7 0.7242708333333334 0.7080621693121693 0.048132440476190474 0.1288888888888889
12 0.7502331349206349 0.6390575396825396 0.05375248015873016 0.1402017195767196
9 0.7728993055555555 0.5630621693121693 0.04941468253968254 0.16874007936507937